Max value is 194378.808390
x1 = 0.340514
x2 = 0.100584
x3 = 0.265860
x4 = 0.000000
x5 = 0.000000
x6 = 0.023594
x7 = 0.000000
x8 = 0.057753
x9 = 0.279614
x10 = 0.034148
x11 = 0.000000
x12 = 0.686387
x13 = 0.034002
x14 = 0.184799
x15 = 0.000000
x16 = 0.752609
x17 = 0.000000
x18 = 0.000000
x19 = 0.000000
x20 = 0.000000
x21 = 0.000000
x22 = 0.053761
x23 = 0.000000
x24 = 0.000000
x25 = 0.000000
x26 = 0.000000
x27 = 0.056914
x28 = 0.311518
x29 = 0.043508
x30 = 0.390036
x31 = 0.000000
x32 = 0.132910
x33 = 0.513275
x34 = 0.098745
x35 = 0.000000
x36 = 0.000000
x37 = 0.000000
x38 = 0.000000
x39 = 0.000000
x40 = 0.000000
x41 = 0.000000
x42 = 0.000000
x43 = 0.000000
x44 = 0.427417
x45 = 0.186826
x46 = 0.000000
x47 = 0.145940
x48 = 0.073055
x49 = 0.000000
x50 = 0.000000
x51 = 0.039629
x52 = 0.000000
x53 = 0.000000
x54 = 0.000000
x55 = 0.181384
x56 = 0.000000
x57 = 0.170424
x58 = 0.000000
x59 = 0.251076
x60 = 0.000000
x61 = 0.320567
x62 = 0.000000
x63 = 0.058530
x64 = 0.000000
x65 = 0.211373
x66 = 0.000000
x67 = 0.000000
x68 = 0.000000
x69 = 0.613468
x70 = 0.000000
x71 = 0.110664
x72 = 0.617769
x73 = 0.121150
x74 = 0.156694
x75 = 0.000000
x76 = 0.074015
x77 = 0.000000
x78 = 0.000000
x79 = 0.000000
x80 = 0.000000
x81 = 0.210667
x82 = 0.000000
x83 = 0.000000
x84 = 0.000000
x85 = 0.000000
x86 = 0.233622
x87 = 0.995783
x88 = 0.250390
x89 = 0.000000
x90 = 0.000000
x91 = 0.322145
x92 = 0.368939
x93 = 0.288831
x94 = 0.000000
x95 = 0.000000
x96 = 0.000000
x97 = 0.000000
x98 = 0.000000
x99 = 0.000000
x100 = 0.065323
x101 = 0.000000
x102 = 0.000000
x103 = 0.206422
x104 = 0.098039
x105 = 0.501965
x106 = 0.192029
x107 = 0.539614
x108 = 0.374502
x109 = 0.000000
x110 = 0.000000
x111 = 0.254644
x112 = 0.000000
x113 = 0.000000
x114 = 0.000000
x115 = 0.000000
x116 = 0.525279
x117 = 0.909131
x118 = 0.217254
x119 = 0.571698
x120 = 0.626440
x121 = 0.000000
x122 = 0.000000
x123 = 0.655256
x124 = 0.000000
x125 = 0.000000
x126 = 0.811620
x127 = 0.176343
x128 = 0.000000
x129 = 0.000000
x130 = 0.113902
x131 = 0.237912
x132 = 0.000000
x133 = 0.083649
x134 = 0.522908
x135 = 0.000000
x136 = 0.000000
x137 = 0.187924
x138 = 0.000000
x139 = 0.000000
x140 = 0.000000
x141 = 0.000000
x142 = 0.529575
x143 = 0.619732
x144 = 0.656801
x145 = 0.223165
x146 = 0.531984
x147 = 0.000000
x148 = 0.000000
x149 = 0.311864
x150 = 0.634981
x151 = 0.611736
x152 = 0.170068
x153 = 0.581328
x154 = 0.000000
x155 = 0.410971
x156 = 0.115291
x157 = 0.460434
x158 = 0.000000
x159 = 0.000000
x160 = 0.130284
x161 = 0.391613
x162 = 0.064825
x163 = 0.071198
x164 = 0.156533
x165 = 0.000000
x166 = 0.123530
x167 = 0.000000
x168 = 0.378512
x169 = 0.000000
x170 = 0.000000
x171 = 0.294861
x172 = 0.000000
x173 = 0.000000
x174 = 0.000000
x175 = 0.492773
x176 = 0.338242
x177 = 0.237699
x178 = 0.000000
x179 = 0.000000
x180 = 0.054606
x181 = 0.000000
x182 = 0.000000
x183 = 0.744892
x184 = 0.241572
x185 = 0.246323
x186 = 0.000000
x187 = 0.459394
x188 = 0.000000
x189 = 0.000000
x190 = 0.000000
x191 = 0.280910
x192 = 0.000000
x193 = 0.021045
x194 = 0.566516
x195 = 0.685953
x196 = 0.416930
x197 = 0.000000
x198 = 0.940721
x199 = 0.000000
x200 = 0.117460
1297