Max value is 30568.614324
x1 = 0.018640
x2 = 0.000000
x3 = 0.000000
x4 = 0.162650
x5 = 0.000000
x6 = 0.104477
x7 = 0.000000
x8 = 0.000000
x9 = 0.011153
x10 = 0.032062
x11 = 0.000000
x12 = 0.000000
x13 = 0.000000
x14 = 0.074268
x15 = 0.000000
x16 = 0.000000
x17 = 0.000000
x18 = 0.000000
x19 = 0.028468
x20 = 0.215787
x21 = 0.000000
x22 = 0.077209
x23 = 0.003845
x24 = 0.000000
x25 = 0.096958
x26 = 0.047081
x27 = 0.000000
x28 = 0.030960
x29 = 0.000000
x30 = 0.000000
x31 = 0.000000
x32 = 0.074464
x33 = 0.000000
x34 = 0.125327
x35 = 0.000000
x36 = 0.071712
x37 = 0.012904
x38 = 0.095091
x39 = 0.002999
x40 = 0.110097
x41 = 0.057560
x42 = 0.068822
x43 = 0.006282
x44 = 0.000000
x45 = 0.015608
x46 = 0.119944
x47 = 0.000000
x48 = 0.132923
x49 = 0.000000
x50 = 0.122568
x51 = 0.156707
x52 = 0.124292
x53 = 0.029230
x54 = 0.084327
x55 = 0.000000
x56 = 0.097609
x57 = 0.000000
x58 = 0.052532
x59 = 0.031729
x60 = 0.002747
x61 = 0.011754
x62 = 0.000000
x63 = 0.137849
x64 = 0.040143
x65 = 0.173550
x66 = 0.000000
x67 = 0.000000
x68 = 0.000000
x69 = 0.000000
x70 = 0.023291
x71 = 0.000000
x72 = 0.000000
x73 = 0.000000
x74 = 0.063169
x75 = 0.074904
x76 = 0.126781
x77 = 0.000332
x78 = 0.000000
x79 = 0.000000
x80 = 0.031566
x81 = 0.217609
x82 = 0.000000
x83 = 0.000000
x84 = 0.186276
x85 = 0.000000
x86 = 0.065755
x87 = 0.024977
x88 = 0.000000
x89 = 0.125005
x90 = 0.086676
x91 = 0.000000
x92 = 0.000000
x93 = 0.030951
x94 = 0.000000
x95 = 0.000000
x96 = 0.000000
x97 = 0.181785
x98 = 0.000000
x99 = 0.116682
x100 = 0.000000
1406