Max value is 30568.631619
x1 = 0.018640
x2 = 0.000000
x3 = 0.000000
x4 = 0.162655
x5 = 0.000000
x6 = 0.104476
x7 = 0.000000
x8 = 0.000000
x9 = 0.011154
x10 = 0.032063
x11 = 0.000000
x12 = 0.000000
x13 = 0.000000
x14 = 0.074269
x15 = 0.000000
x16 = 0.000000
x17 = 0.000000
x18 = 0.000000
x19 = 0.028469
x20 = 0.215784
x21 = 0.000000
x22 = 0.077212
x23 = 0.003848
x24 = 0.000000
x25 = 0.096955
x26 = 0.047079
x27 = 0.000000
x28 = 0.030959
x29 = 0.000000
x30 = 0.000000
x31 = 0.000000
x32 = 0.074461
x33 = 0.000000
x34 = 0.125329
x35 = 0.000000
x36 = 0.071713
x37 = 0.012907
x38 = 0.095090
x39 = 0.003002
x40 = 0.110096
x41 = 0.057561
x42 = 0.068819
x43 = 0.006287
x44 = 0.000000
x45 = 0.015612
x46 = 0.119944
x47 = 0.000000
x48 = 0.132922
x49 = 0.000000
x50 = 0.122572
x51 = 0.156713
x52 = 0.124295
x53 = 0.029231
x54 = 0.084324
x55 = 0.000000
x56 = 0.097607
x57 = 0.000000
x58 = 0.052530
x59 = 0.031725
x60 = 0.002747
x61 = 0.011756
x62 = 0.000000
x63 = 0.137849
x64 = 0.040144
x65 = 0.173548
x66 = 0.000000
x67 = 0.000000
x68 = 0.000000
x69 = 0.000000
x70 = 0.023289
x71 = 0.000000
x72 = 0.000000
x73 = 0.000000
x74 = 0.063170
x75 = 0.074904
x76 = 0.126783
x77 = 0.000331
x78 = 0.000000
x79 = 0.000000
x80 = 0.031565
x81 = 0.217605
x82 = 0.000000
x83 = 0.000000
x84 = 0.186275
x85 = 0.000000
x86 = 0.065756
x87 = 0.024977
x88 = 0.000000
x89 = 0.125007
x90 = 0.086677
x91 = 0.000000
x92 = 0.000000
x93 = 0.030951
x94 = 0.000000
x95 = 0.000000
x96 = 0.000000
x97 = 0.181785
x98 = 0.000000
x99 = 0.116681
x100 = 0.000000
562